-5.5;-4.8 -5.9;-4.0 -4.8;-5.5
-4.8;-5.5 -5.9;-4.0 -4.0;-5.3
-4.0;-5.3 -5.9;-4.0 -6.0;-3.6
-6.0;-3.6 -3.2;-5.5 -4.0;-5.3
-3.2;-5.5 -6.0;-3.6 -6.0;-3.0
-6.0;-3.0 -2.5;-5.2 -3.2;-5.5
-2.5;-5.2 -6.0;-3.0 -5.8;-2.2
-5.8;-2.2 -1.6;-4.4 -2.5;-5.2
-1.6;-4.4 -5.8;-2.2 -5.4;-1.6
-5.4;-1.6 -1.0;-3.5 -1.6;-4.4
-1.0;-3.5 -5.4;-1.6 -4.8;-1.0
-4.8;-1.0 -0.5;-2.7 -1.0;-3.5
-0.5;-2.7 -4.8;-1.0 -4.2;-0.6
-4.2;-0.6 1.0;-1.0 -0.5;-2.7
-4.2;-0.6 -3.5;-0.4 1.0;-1.0
1.0;-1.0 -3.5;-0.4 1.3;-0.4
1.3;-0.4 -3.5;-0.4 -3.0;-0.2
-3.0;-0.2 2.2;0.2 1.3;-0.4
-3.0;-0.2 -2.3;0.8 2.2;0.2
2.2;0.2 -2.3;0.8 3.0;0.5
3.0;0.5 -2.3;0.8 -1.3;2.1
-1.3;2.1 4.0;0.9 3.0;0.5
-1.3;2.1 -0.1;4.5 4.0;0.9
4.0;0.9 -0.1;4.5 5.4;2.0
5.4;2.0 -0.1;4.5 0.5;5.0
0.5;5.0 5.8;2.5 5.4;2.0
0.5;5.0 2.2;5.8 5.8;2.5
5.8;2.5 2.2;5.8 6.0;3.0
6.0;3.0 2.2;5.8 4.0;5.8
4.0;5.8 6.0;3.5 6.0;3.0
6.0;3.5 4.0;5.8 5.4;5.1
5.4;5.1 5.8;4.5 6.0;3.5
