// ahtung! triangles in CCW

0.0,6.0 0.0,-5.5 0.5,5.9
0.5,5.9 0.0,5.5 1.5,-5.4
1.5,-5.4 1.2,5.6 0.5,5.9
1.2,5.6 1.5,-5.4 2.7,-4.9
2.7,-4.9 2.2,4.6 1.2,5.6
2.2,4.6 2.7,-4.9 3.8,-3.5
3.8,-4.5 3.3,3.0 2.2,4.6
3.3,3.0 3.8,-3.5 4.4,-2.0
4.4,-2.0 4.0,1.5 3.3,3.0
4.0,1.5 4.4,-2.0 4.5,0.0
0.0,6.0 0.0,-5.5 -0.5,5.9
-0.5,5.9 0.0,5.5 -1.5,-5.4
-1.5,-5.4 -1.2,5.6 -0.5,5.9
-1.2,5.6 -1.5,-5.4 -2.7,-4.9
-2.7,-4.9 -2.2,4.6 -1.2,5.6
-2.2,4.6 -2.7,-4.9 -3.8,-3.5
-3.8,-4.5 -3.3,3.0 -2.2,4.6
-3.3,3.0 -3.8,-3.5 -4.4,-2.0
-4.4,-2.0 -4.0,1.5 -3.3,3.0
-4.0,1.5 -4.4,-2.0 -4.5,0.0
